0	6610
2	1491104
6	9940
9	1221240
10	290
13	6421
16	283763
23	6610
24	515824
26	6887
61	104895
62	104895
65	10711
68	2034991
74	3311
90	104895
92	1245
101	6610
112	1501
114	10306
115	6759
118	6759
120	28911
127	86630
128	1351
134	89426
138	6887
152	762504
156	317381
159	6253
160	6233
161	7385
169	253130
172	253128
176	1041430
198	6887
200	6610
207	4081
210	253130
211	253133
213	253128
214	1037657
219	270861
222	2034991
230	1625
232	3357
235	2315439
239	8236
246	253130
247	253133
250	253128
252	7061
253	409167
257	34676
268	6759
270	13249
